00001000000000000000000000010001
00100011101111011111111111111000
10101111101111110000000000000100
10101111101001000000000000000000
00100000000010010000000000000001
00000000100010010100000000101010
00010001000000000000000000000011
00100000000000100000000000000000
00100011101111010000000000001000
00000011111000000000000000001000
00100000100001001111111111111111
00001100000000000000000000000001
10001111101001000000000000000000
10001111101111110000000000000100
00100011101111010000000000001000
00000000100000100001000000100000
00000011111000000000000000001000
00100000000001000000000000000100
00001100000000000000000000000001
00000000000000101000000000100000